#sizeNpl
4
#d
2,30,30,3
#maxN
31
#X
1,1.49,1.49
1,0.0246937,-1,0.995553,-0.965163,0.973143,1,0.544974,1,1,1,1,-0.0290767,-0.53115,-1,0.00174556,1,1,0.0800804,-1,0.238334,0.994754,-1,-1,-0.688733,1,-1,1,-1,-0.999914,-1
1,0.417967,0.999948,0.0744659,-0.916346,0.269459,0.235412,0.0869765,-0.271468,-0.077556,-0.0214561,1,-1,0.201315,-0.0899031,0.745357,0.998892,-0.986653,-0.21877,1,0.269329,0.231354,0.192659,-0.922928,0.529553,-0.121535,0.629004,0.295014,-0.486554,0.19235,-0.126586
1,0.136992,0.60564,0.826763
#deltas
0,0,0
0,-0.0109867,0,-7.66575e-05,1.97777e-06,-0,-0.0416353,0,-1.10281e-07,9.97627e-07,0.0162104,1.215e-08,-0.00793061,0.00499065,-0.00284904,-0.00787911,0,-0,0.00630505,-2.97332e-06,0.00367914,-0.00960351,-8.82816e-06,0.0430307,0.0146573,-0,0,-0,2.47576e-07,-5.52651e-06,0.000450235
0,0.0139704,-0,-0.0199614,0.00647698,-0.00857318,-0.0567246,-0.0417252,0.020425,0.0248427,0.00522185,-0.00506898,-0,-0.0193543,-4.67651e-06,-0,0.00295957,-3.92945e-05,0.0257624,-1.64627e-05,-0.0527223,0.0108294,-0,-0,0.033646,0.01488,0.0347594,-0.0051097,0.00794983,-0.0187932,0.00573784
0,0.112966,-0.376827,-0.0223672
#W
0,0.0122714,0.0165949,6.92717,2.92458,-4.89868,15.7887,1.81034,-4.27833,0.234079,-2.00396,-2.41411,0.0357814,0.0251835,-5.05853,0.0267315,7.37933,9.87062,-0.027483,13.4373,-0.0381915,-0.33762,5.52009,8.68591,0.116563,11.3528,-5.81112,0.0834854,-3.45158,2.3202,-1.59766;0,-0.00656458,-14.4844,7.93273,-3.81044,10.724,21.1394,11.9478,5.87017,8.9386,2.61629,11.7839,-0.0663817,-0.413668,-10.1939,-0.00880957,-2.81644,-0.342678,0.0907119,0.0395238,0.194,1.78252,-0.129682,-0.0133328,-0.660681,0.269721,0.100254,0.00514298,-14.0251,-4.85389,-10.052;0,0.0149051,7.61125,-10.5327,0.494403,-5.99441,-0.117941,-12.7526,2.33618,-0.29723,7.69284,7.46434,0.0228472,-0.000378587,-0.0831022,-0.00795954,12.371,19.7715,-0.0184063,-17.7343,-0.00527669,0.437645,-22.9561,-17.4874,0.0149731,15.2266,-23.4405,21.9887,-0.0159536,-0.0779216,-5.77701
0,0.210932,-5.58972,0.0571126,1.10396,0.138737,0.200954,0.020887,-0.111831,-0.0219511,-0.0678818,-0.822876,-1.91587,0.0594652,-0.0651808,1.35635,1.2535,-2.08674,-0.114011,-2.15653,0.0296201,0.469628,1.14086,-3.05448,0.0845396,-0.100546,0.231821,0.10321,-0.258982,0.118286,-0.734295;0,-0.0261855,-0.00279334,-0.219239,-0.0433399,-0.216295,-0.079826,-0.040108,-0.0860856,0.0893771,0.15921,0.0538295,-0.0147496,-0.0461993,-0.10656,-0.00752528,0.0634265,0.0538709,-0.0836285,-0.0423007,-0.00878658,0.0199859,-0.0322866,0.00547021,-0.195541,0.121037,-0.258387,-0.229886,-0.465803,0.353148,-0.0888384;0,-0.146545,6.71551,-0.0683944,0.0109711,-0.167225,-0.255835,-0.109901,0.0420341,0.0193491,0.0251158,-1.15454,-2.32756,0.012773,0.0275385,7.50113,2.53689,-5.11662,0.0882876,-4.40594,-0.392787,-1.15042,5.64724,2.26438,0.035861,0.2721,-0.271527,-0.0148443,0.220981,-0.0657371,0.423972;0,-0.0809804,-0.108216,0.0269271,-1.20198,-0.0220635,0.122373,0.209502,-0.159545,-0.126904,-0.0113365,-3.00367,-2.50168,0.14311,0.0208304,0.661321,-0.225549,3.76446,-0.062068,-3.92534,0.171268,0.630108,2.42284,2.94286,0.0877344,0.00316351,-0.110255,0.0739986,-0.0327695,0.098958,0.242301;0,-0.232533,-1.41435,-0.184383,-1.46511,-0.0664396,-0.488807,0.0866974,0.36123,0.205339,0.220086,-0.697478,0.0616926,-0.270779,0.0786267,-0.680956,-0.109083,1.82797,0.00868438,-0.441514,-0.174634,1.3898,-0.385589,0.95475,-0.00233909,0.499076,-0.294672,-0.197024,0.378993,-0.214901,0.605838;0,0.0855445,0.266507,-0.0308988,-2.69873,0.0141822,-0.181475,-0.069829,0.079595,0.129749,0.0205336,4.46254,-4.19522,-0.0869587,0.00138115,2.81606,-0.951101,-1.02001,0.0212057,0.0112771,-0.109369,-1.53671,1.77752,8.97236,0.107057,0.103298,0.298856,-0.0538679,-0.00847715,-0.0358276,-0.160378;0,0.135864,4.0319,0.0287243,2.79578,0.118201,0.0461992,-0.119908,0.0724904,0.105304,-0.046461,6.11559,-2.44112,-0.0975017,-0.0202539,-3.69434,-1.41642,0.235936,-0.0341815,6.31859,0.120863,-3.01492,7.68799,2.15902,-0.203061,-0.151967,0.402786,-0.086277,-0.127285,-0.0374262,0.0232484;0,-0.134641,2.68812,0.00202802,1.35273,-0.104315,-0.0543862,-0.00885703,-0.043178,-0.0703811,0.0027275,-2.94083,1.431,0.0878096,0.0254804,0.376047,0.446482,1.28397,0.0201609,-2.30121,-0.161598,-0.229303,0.134124,-1.77122,0.0595751,0.178742,-0.282521,0.0360121,0.121638,0.0054231,0.219526;0,0.105294,1.57629,0.0121434,1.34201,0.22699,0.445621,0.191492,-0.00874048,-0.0774183,-0.0624852,0.399899,-0.190978,-0.118626,-0.0971428,3.21941,1.62532,-3.75865,-0.28839,-0.203675,0.489744,-2.74844,1.86926,-1.29581,-0.329469,-0.0407872,0.054267,-0.117298,-0.283172,0.0954168,-0.463685;0,0.074402,-0.102518,-0.216352,-1.02189,-0.106952,-0.15952,-0.502426,0.0659278,0.0533704,-0.0836559,0.05937,-0.491605,-0.143223,-0.0799655,1.65331,2.95144,-3.67748,0.179297,-1.54361,-0.492047,1.78534,1.12901,-2.66207,0.123884,0.328815,-0.0749619,-0.0563005,-0.0238742,-0.141927,0.399874;0,-0.00320497,-5.12093,-0.056975,-0.111709,-0.0684732,-0.0808524,-0.0715276,-0.00562167,-0.0040832,0.0222019,0.137804,0.740463,0.00102606,-0.0134171,0.828129,0.0284806,2.00339,0.046718,0.0785954,-0.153547,0.311607,-2.41546,2.1728,-0.0191469,-0.0241729,-0.0167047,0.0766311,0.0356812,-0.0102422,0.332728;0,0.0942917,5.82338,-0.0437459,2.25768,-0.0494981,-0.0290577,0.0290414,0.00972208,0.0979809,-0.0023135,5.14003,-0.864182,-0.0428044,-0.0153793,-4.0785,-0.691334,-3.30391,-0.0167377,0.717543,-0.0780943,1.99489,-3.25173,4.77157,0.105164,0.152224,-0.102082,-0.0127447,-0.00569844,0.0215684,-0.338027;0,0.294541,-0.0588561,0.164824,-0.0728732,-0.25862,0.352157,-0.45427,-0.244595,-0.196894,0.00258457,0.0131949,-0.0108416,-0.310307,0.0324383,-0.1134,0.151316,0.146592,-0.0787703,-0.0701522,0.182146,0.000828668,-0.0741518,0.050601,0.239229,-0.216223,-0.0907743,-0.0602435,0.465172,-0.08186,-0.310557;0,-0.405383,-0.17456,0.0135028,-0.289524,0.561493,0.159464,-0.449979,-0.0535885,0.154996,-0.63075,-0.0877674,0.0211869,-0.023951,-0.0447902,-0.293581,-0.201455,0.380095,0.0951199,-0.0111966,-0.539201,0.209318,-0.166077,0.214353,-0.394329,-0.0467489,-0.303966,-0.0603832,-0.129536,-0.0585774,-0.130303;0,0.138054,-0.0560496,0.125595,2.73859,0.114929,0.17275,0.181068,-0.0385398,0.102804,0.035279,2.21266,0.90271,0.0921012,0.0161813,-3.49941,-3.41251,4.94768,-0.233474,3.66804,0.324521,-3.20912,1.69877,1.76666,-0.281356,-0.202157,0.255295,0.0682532,-0.118915,0.102425,-0.197637;0,-0.344198,-0.00245536,-0.124012,-0.0730556,0.141745,-0.47898,0.303983,-0.285811,0.169312,-0.242906,0.0682912,-0.0453572,0.286243,-0.194063,-0.0363269,0.0463111,0.091686,-0.237702,-0.087783,0.0213524,-0.0126748,-0.0398213,0.00474491,0.317453,0.0556928,-0.0574305,0.203058,-0.0495749,0.500878,-0.177849;0,0.0675505,2.93456,0.0859482,-1.1534,0.078804,-0.337762,-0.239783,0.113397,0.103951,0.0241686,1.41482,-5.56085,-0.0659067,0.0152803,-2.45221e-05,-0.304888,-2.9739,0.162443,3.35816,-0.306897,0.50724,2.31438,0.219558,0.238353,0.21355,0.30875,-0.044512,0.0319107,-0.124581,-0.0104126;0,-0.0296454,5.86376,-0.0169929,1.82443,-0.0460178,0.176784,0.0987929,-0.0761209,-0.0484591,-0.0339252,0.0117272,-3.95856,0.0549318,-0.0031756,4.81334,2.3361,8.80733,-0.0699104,6.88461,0.155605,-3.49284,0.862031,-0.676548,-0.155057,-0.0694166,-0.194076,0.028224,-0.0176844,0.0721615,-0.0910166;0,-0.313858,0.0389026,0.0332849,0.0545148,0.195479,0.000307052,-0.407948,0.0762853,-0.101297,-0.277359,-0.013965,0.0168773,-0.566169,0.0538082,0.0961521,-0.0877137,-0.190469,-0.0416397,0.0740149,0.0833297,-0.0683759,0.0601817,-0.0516155,0.21034,-0.154735,-0.0922511,0.00546877,-0.453516,0.26326,0.126752;0,-0.0434067,-5.13888,0.0181301,-0.819879,-0.00778081,0.0426561,0.0617267,0.0197551,-0.0110965,0.00816062,-3.38368,-1.29303,-0.00747847,0.00105749,0.985134,-2.52904,-0.495772,-0.0152999,-6.26924,0.121433,-2.27236,3.40151,7.01943,-0.12007,-0.067387,-0.117428,-0.0251013,0.0449271,0.00342318,-0.254084;0,-0.0820688,0.102701,0.11849,0.167786,0.347579,-0.28426,-0.184741,-0.0130401,0.45265,0.151531,0.031774,-0.000375161,0.108457,-0.0140482,0.162323,0.0774043,-0.236804,-0.182402,0.0567381,0.450521,-0.0816003,0.109147,-0.104639,-0.0212636,-0.227637,0.0215569,0.147495,0.219939,-0.349127,0.175706;0,-0.515525,0.216651,0.158443,0.272918,0.318011,0.0328538,0.383242,-0.174677,-0.517954,0.154527,0.142597,0.147679,0.132689,0.113826,0.98003,0.410343,-1.2053,-0.186656,0.00113425,0.00503182,0.228804,0.674618,-0.723313,0.0501168,-0.0613,0.0683934,-0.188241,-0.0444881,0.183717,0.264803;0,-0.0961377,9.61328,-0.0291863,0.983053,-0.032167,0.129622,0.096572,-0.0668617,-0.131383,0.0035218,-3.01189,-1.01642,0.0541511,-0.0116312,4.97933,1.74045,5.08056,-0.0512333,6.45418,0.0361761,-1.78581,-0.132036,-1.84633,-0.0190055,-0.0208659,-0.251157,0.0464449,0.0119568,0.039852,0.072443;0,0.11653,-1.01438,-0.0259776,2.32094,0.0990038,0.0166356,-0.0393466,0.079997,0.0876424,0.0205327,-6.42541,-1.45489,-0.119658,-0.0199979,-0.21929,1.71131,-5.46171,-0.0302212,-4.20673,0.101803,2.0399,2.32915,3.01383,-0.109853,-0.104587,0.345222,-0.0506688,-0.0884418,-0.0288206,-0.0849216;0,-0.105305,-0.313719,0.320644,-0.251135,-0.413861,0.00347378,-0.524714,-0.203491,-0.299269,-0.0884959,-0.176912,0.0169751,0.027589,0.0111811,-0.510903,-0.135522,0.606138,0.314583,-0.000321244,-0.170142,0.261144,-0.313991,0.337742,-0.185462,-0.119902,0.175062,-0.441527,-0.0241891,0.0929372,-0.315203;0,-0.0473825,2.51828,-0.00218727,-2.04964,-0.0729301,0.138122,0.0255404,-0.0566862,-0.052812,-0.0413277,0.351931,-5.08254,0.0659042,-0.00963673,-3.53011,0.746552,-3.73581,-0.0513908,2.58942,-0.0187753,2.96841,1.92461,2.0779,-0.213368,-0.18066,-0.203694,0.0376254,0.00963314,0.0462781,0.0733564;0,0.019529,4.35929,0.0488678,1.26565,0.0163947,-0.0775213,-0.0951046,0.0385397,0.0363552,-0.0259571,-1.15482,1.95914,-0.0156748,0.00227999,4.62382,0.634885,2.67112,0.0196588,-3.61856,-0.0927151,-2.46259,-1.23068,10.2571,-0.0611006,0.0513728,-0.0187049,-0.0318685,-0.00177632,-0.0308448,-0.0387338;0,-0.0352073,5.0452,0.0197769,0.690949,-0.00878728,0.0238208,0.0471974,-0.0447037,-0.0444736,-0.00808778,1.61747,1.3764,0.0690411,0.0141753,3.55392,0.298936,3.1929,-0.0169916,-6.99462,0.0509482,-1.68769,-1.0911,12.9353,0.101756,-0.0057972,-0.0670661,0.0349031,-0.000723641,0.02243,-0.0938047;0,-0.089332,-5.43329,-0.178107,-1.54589,0.0326575,0.0430796,-0.0593648,-0.0177454,-0.174473,-0.0228551,0.0233758,0.00513716,-0.0920922,-0.0560862,-3.06428,2.03913,-2.0659,0.01337,-0.877722,-0.0578784,4.61534,-1.15596,-4.85294,0.117986,0.105138,-0.0315549,-0.0412022,-0.0925542,-0.0450324,0.0203956;0,0.0722728,-0.295835,0.114757,0.101978,0.36548,0.724935,0.576672,-0.326366,-0.350142,0.00263607,-0.0649658,0.0152887,0.173411,-0.0671113,-1.20528,-1.23844,1.69176,-0.482261,0.165445,0.693552,-1.07137,-0.973928,1.26759,-0.0709001,-0.212614,0.0611834,0.120801,-0.482672,0.337328,-0.501851;0,0.0309123,6.48998,-0.086939,1.16041,-0.0842907,-0.359676,-0.250374,0.0542278,0.0899694,0.040047,5.59107,-5.04538,-0.0376595,0.00965983,-1.14909,1.41178,-4.24871,0.171929,-3.41902,-0.551052,-0.268465,5.98535,8.04412,0.266334,0.130917,0.0422786,-0.000423352,0.0896139,-0.0716473,0.0139339
0,0.36783,0.717643,0.418402;0,-0.0198167,-0.0367616,0.0400751;0,-0.383118,0.103077,0.408305;0,-0.0228057,0.0494552,0.0230515;0,-0.202111,-0.10112,0.375644;0,-0.0685128,0.00167482,0.00725013;0,-0.107851,0.11238,0.0558665;0,-0.055468,0.0938141,-0.0440569;0,0.0220604,-0.0425206,-0.0198891;0,0.036499,-0.0489229,-0.00374719;0,0.00578524,-0.0115695,-0.0398391;0,-0.39794,-0.0527303,0.62219;0,0.0614322,0.180841,-0.393234;0,-0.00713298,0.0457132,0.0169034;0,0.0112906,0.00382491,-0.017356;0,-0.261613,-0.0661384,0.460553;0,0.387145,-0.0266344,-0.226595;0,-0.244532,0.0376508,0.439082;0,0.0589926,-0.0487331,-0.00630972;0,0.0894673,0.507229,-0.727405;0,-0.144175,0.0942715,-0.00410552;0,0.113403,-0.322146,0.246502;0,-0.397979,-0.0296857,0.51068;0,-0.141802,0.300046,-0.519394;0,0.0121432,-0.108456,-0.0657086;0,0.036209,-0.0473954,-0.0770993;0,-0.0228618,-0.109961,0.0394321;0,-0.00152612,0.0110467,0.00997019;0,0.0723742,0.00204305,-0.0477186;0,-0.0288152,0.0398715,0.00972735;0,0.00197119,-0.0965216,-0.157318
